5HER-IFK9,3072,2048,0,0,30,0
7IOZ-HOH3,3072,2048,0,0,30,0
J0SA-3WOM,3072,2048,0,0,30,0
K0AC-OSU9,3072,2048,0,0,30,0
WDTY-AWNZ,3072,2048,0,0,30,0
KPRD-82EX,3072,2048,0,0,30,0
DQSH-9G0D,3072,2048,0,0,30,0
I538-IK52,3072,2048,0,0,30,0
5H5H-4RCI,3072,2048,0,0,30,0
YNSK-01GT,3072,2048,0,0,30,0
P4H3-29VF,3072,2048,0,0,30,0
7IBA-U9O8,3072,2048,0,0,30,0
M29O-V0J2,3072,2048,0,0,30,0
4XX5-1DNS,3072,2048,0,0,30,0
Z2QE-7ID1,3072,2048,0,0,30,0
BNO0-J6CR,3072,2048,0,0,30,0
JSNM-P98D,3072,2048,0,0,30,0
W7F8-6P50,3072,2048,0,0,30,0
7LLK-QMXF,3072,2048,0,0,30,0
EH5P-QI1G,3072,2048,0,0,30,0
G6XA-6B7J,3072,2048,0,0,30,0
W3JU-O2KU,3072,2048,0,0,30,0
TGEL-L3MX,3072,2048,0,0,30,0
13TS-NZG4,3072,2048,0,0,30,0
Z2M9-6QB0,3072,2048,0,0,30,0
T44A-K4E1,3072,2048,0,0,30,0
8IDQ-6V84,3072,2048,0,0,30,0
W3KS-CE38,3072,2048,0,0,30,0
EBYK-HOX3,3072,2048,0,0,30,0
XJ9E-FGYJ,3072,2048,0,0,30,0
TJO3-BTS8,3072,2048,0,0,30,0
ZRD8-ICRA,3072,2048,0,0,30,0
7Z6W-NFBV,3072,2048,0,0,30,0
X1ZN-PY9W,3072,2048,0,0,30,0
P9VH-E63S,3072,2048,0,0,30,0
ADVQ-GEVO,3072,2048,0,0,30,0
HYQQ-NRHC,3072,2048,0,0,30,0
K6I7-DJQ6,3072,2048,0,0,30,0
OZOK-3G7A,3072,2048,0,0,30,0
HAOS-IA72,3072,2048,0,0,30,0
AEPK-MGRK,3072,2048,0,0,30,0
9TVR-CJKB,3072,2048,0,0,30,0
K4QP-9PIM,3072,2048,0,0,30,0
HITR-602I,3072,2048,0,0,30,0
J11N-TOHX,3072,2048,0,0,30,0
YPF7-5WYQ,3072,2048,0,0,30,0
NWOX-FPRP,3072,2048,0,0,30,0
LXYO-JAD7,3072,2048,0,0,30,0
PHX0-DG2D,3072,2048,0,0,30,0
CMQD-3KQE,3072,2048,0,0,30,0
MOEF-XV0C,3072,2048,0,0,30,0
X8XB-D0T6,3072,2048,0,0,30,0
IBAL-45DG,3072,2048,0,0,30,0
PG91-VGTU,3072,2048,0,0,30,0
TCML-WVNP,3072,2048,0,0,30,0
DY4Y-M9MU,3072,2048,0,0,30,0
5BHM-2GD8,3072,2048,0,0,30,0
5JD0-0TI6,3072,2048,0,0,30,0
MKFL-XSXU,3072,2048,0,0,30,0
2VIE-L43V,3072,2048,0,0,30,0
QM1N-TT3Q,3072,2048,0,0,30,0
SWQR-K2AX,3072,2048,0,0,30,0
WJT9-QXUS,3072,2048,0,0,30,0
LNRK-60UN,3072,2048,0,0,30,0
LYY5-9D0E,3072,2048,0,0,30,0
DX7F-P4B5,3072,2048,0,0,30,0
NUYC-F7XO,3072,2048,0,0,30,0
R8WN-N4NK,3072,2048,0,0,30,0
EMJM-B7FK,3072,2048,0,0,30,0
IAVN-6J6S,3072,2048,0,0,30,0
2LFO-XGYM,3072,2048,0,0,30,0
X4Q2-HNQ2,3072,2048,0,0,30,0
KN2F-8KG8,3072,2048,0,0,30,0
3CT4-TIV7,3072,2048,0,0,30,0
4AWJ-6SCT,3072,2048,0,0,30,0
HXOA-983E,3072,2048,0,0,30,0
5IQB-G32J,3072,2048,0,0,30,0
FAI4-W20M,3072,2048,0,0,30,0
HLER-29FO,3072,2048,0,0,30,0
EJN9-9CKG,3072,2048,0,0,30,0
4VKS-E0UZ,3072,2048,0,0,30,0
KIPO-V71G,3072,2048,0,0,30,0
T512-7K7R,3072,2048,0,0,30,0
K2R0-5DAP,3072,2048,0,0,30,0
QMMW-MW35,3072,2048,0,0,30,0
3XF7-YDNW,3072,2048,0,0,30,0
P1MJ-BR0W,3072,2048,0,0,30,0
JMYG-SZV1,3072,2048,0,0,30,0
G3ST-TGEM,3072,2048,0,0,30,0
PUS3-FJIW,3072,2048,0,0,30,0
IDG0-DQ50,3072,2048,0,0,30,0
MIST-H9JR,3072,2048,0,0,30,0
AEL1-5IW9,3072,2048,0,0,30,0
D9NO-B2KB,3072,2048,0,0,30,0
1EO6-YY3S,3072,2048,0,0,30,0
VO1Z-42Y7,3072,2048,0,0,30,0
DPJY-PGRR,3072,2048,0,0,30,0
69AF-VB8V,3072,2048,0,0,30,0
4XC8-T17T,3072,2048,0,0,30,0
E63W-4FYA,3072,2048,0,0,30,0
4V3B-S7E8,3072,2048,0,0,30,0
I6D8-IHTU,3072,2048,0,0,30,0
WB29-71PH,3072,2048,0,0,30,0
K04A-BCCV,3072,2048,0,0,30,0
C9ZY-GOHC,3072,2048,0,0,30,0
SIRI-IL81,3072,2048,0,0,30,0
PMVS-VOS9,3072,2048,0,0,30,0
5CY0-JRF7,3072,2048,0,0,30,0
A9RI-HTFW,3072,2048,0,0,30,0
KM3E-R0WH,3072,2048,0,0,30,0
H2LQ-BFHY,3072,2048,0,0,30,0
641X-TXSQ,3072,2048,0,0,30,0
4ORH-541W,3072,2048,0,0,30,0
FHOY-VYXW,3072,2048,0,0,30,0
4HS8-JJM4,3072,2048,0,0,30,0
KAMK-DYL8,3072,2048,0,0,30,0
927H-EI8V,3072,2048,0,0,30,0
QR98-ZF49,3072,2048,0,0,30,0
TZI5-S03M,3072,2048,0,0,30,0
0SC1-VXHI,3072,2048,0,0,30,0
5S8H-1BP2,3072,2048,0,0,30,0
YDAQ-PL7X,3072,2048,0,0,30,0
P0DA-89DK,3072,2048,0,0,30,0
DW9R-PWO8,3072,2048,0,0,30,0
6YB4-AE3A,3072,2048,0,0,30,0
WNTJ-GEDY,3072,2048,0,0,30,0
DKV1-GBPD,3072,2048,0,0,30,0
LROV-J1V4,3072,2048,0,0,30,0
KSBZ-J6I7,3072,2048,0,0,30,0
4V8J-KMGB,3072,2048,0,0,30,0
J27T-6AXY,3072,2048,0,0,30,0
FWBS-ECU2,3072,2048,0,0,30,0
22PA-VHF1,3072,2048,0,0,30,0
YF5E-POH1,3072,2048,0,0,30,0
0HIK-LHBE,3072,2048,0,0,30,0
F47Y-NMHR,3072,2048,0,0,30,0
JAUP-JGNR,3072,2048,0,0,30,0
EEWO-9BPM,3072,2048,0,0,30,0
TG5D-PQC4,3072,2048,0,0,30,0
7R7R-CV7A,3072,2048,0,0,30,0
C2WX-M2UI,3072,2048,0,0,30,0
AZ6E-4NG8,3072,2048,0,0,30,0
ZERM-7INR,3072,2048,0,0,30,0
R7AE-REUY,3072,2048,0,0,30,0
MMNI-ENN8,3072,2048,0,0,30,0
KX31-3ITA,3072,2048,0,0,30,0
55DP-WWX7,3072,2048,0,0,30,0
XAYY-RIU7,3072,2048,0,0,30,0
8JNA-PSNB,3072,2048,0,0,30,0
OPTT-OY17,3072,2048,0,0,30,0
BNVD-MTCB,3072,2048,0,0,30,0
UQ4H-HM4R,3072,2048,0,0,30,0
MYRH-FHRD,3072,2048,0,0,30,0
M3IM-F5LC,3072,2048,0,0,30,0
RK0M-K77E,3072,2048,0,0,30,0
DQMB-BLJL,3072,2048,0,0,30,0
KTPL-4O12,3072,2048,0,0,30,0
A1AZ-HTOY,3072,2048,0,0,30,0
BG31-JHFX,3072,2048,0,0,30,0
143K-2K3T,3072,2048,0,0,30,0
K1FA-F8Q4,3072,2048,0,0,30,0
DWGN-MOG9,3072,2048,0,0,30,0
MQSX-V6NN,3072,2048,0,0,30,0
M8RA-1LYN,3072,2048,0,0,30,0
09YS-11JT,3072,2048,0,0,30,0
EZ98-DWML,3072,2048,0,0,30,0
71XG-YQTR,3072,2048,0,0,30,0
1WVX-SOE8,3072,2048,0,0,30,0
HPA2-SZGJ,3072,2048,0,0,30,0
0EWE-OF60,3072,2048,0,0,30,0
7E8E-X64G,3072,2048,0,0,30,0
UPI6-ZN0J,3072,2048,0,0,30,0
XCA5-94DU,3072,2048,0,0,30,0
OH6B-7F7F,3072,2048,0,0,30,0
LF0V-WLOS,3072,2048,0,0,30,0
IAOK-I7M9,3072,2048,0,0,30,0
6S3Z-J8X9,3072,2048,0,0,30,0
PNDY-0T5I,3072,2048,0,0,30,0
4H3X-82IK,3072,2048,0,0,30,0
8C7I-GUQM,3072,2048,0,0,30,0
CDIB-6L9I,3072,2048,0,0,30,0
STFF-ROML,312500,312500,0,0,1440,0
STFF-GLND,312500,312500,0,0,1440,0
STFF-ABBY,312500,312500,0,0,1440,0
STFF-ROMY,312500,312500,0,0,1440,0
SPVR-SREX,312500,312500,0,0,1440,0

